object Form1: TForm1
  Left = 0
  Top = 0
  Caption = 'Form1'
  ClientHeight = 600
  ClientWidth = 400
  FormFactor.Width = 320
  FormFactor.Height = 480
  FormFactor.Devices = [Desktop]
  DesignerMasterStyle = 3
  object Button1: TButton
    Align = Top
    Margins.Left = 4.000000000000000000
    Margins.Top = 4.000000000000000000
    Margins.Right = 4.000000000000000000
    Margins.Bottom = 4.000000000000000000
    Position.X = 4.000000000000000000
    Position.Y = 4.000000000000000000
    Size.Width = 392.000000000000000000
    Size.Height = 44.000000000000000000
    Size.PlatformDefault = False
    TabOrder = 0
    Text = 'GetURIFile'
    OnClick = Button1Click
  end
  object Memo1: TMemo
    Touch.InteractiveGestures = [Pan, LongTap, DoubleTap]
    DataDetectorTypes = []
    Align = Client
    Margins.Left = 4.000000000000000000
    Margins.Top = 4.000000000000000000
    Margins.Right = 4.000000000000000000
    Margins.Bottom = 4.000000000000000000
    Size.Width = 392.000000000000000000
    Size.Height = 540.000000000000000000
    Size.PlatformDefault = False
    TabOrder = 1
    Viewport.Width = 384.000000000000000000
    Viewport.Height = 532.000000000000000000
  end
end
